Running [insert, read1] with 50 threads for 100000 iteration
type                                               total ops,    op/s,    pk/s,   row/s,    mean,     med,     .95,     .99,    .999,     max,   time,   stderr, errors,  gc: #,  max ms,  sum ms,  sdv ms,      mb
insert,                                                 2862,    2862,    2862,    2862,     5.5,     3.3,    10.0,    70.6,   161.1,   169.6,    1.0,  0.00000,      0,      0,       0,       0,       0,       0
read1,                                                  2740,    2740,    1029,    1029,     5.7,     3.3,    11.1,    72.7,   162.3,   165.3,    1.0,  0.00000,      0,      0,       0,       0,       0,       0
total,                                                  5602,    5602,    3891,    3891,     5.6,     3.3,    10.7,    71.2,   161.9,   169.6,    1.0,  0.00000,      0,      0,       0,       0,       0,       0
insert,                                                 8450,    5588,    5588,    5588,     4.4,     3.6,    10.5,    18.8,    27.2,    59.1,    2.0,  0.20469,      0,      1,      18,      18,       0,     214
read1,                                                  8594,    5854,    2413,    2413,     4.3,     3.4,    10.2,    18.5,    27.3,    37.8,    2.0,  0.20469,      0,      1,      18,      18,       0,     214
total,                                                 17044,   11442,    8001,    8001,     4.4,     3.5,    10.4,    18.9,    27.4,    59.1,    2.0,  0.20469,      0,      1,      18,      18,       0,     214
insert,                                                14393,    5943,    5943,    5943,     4.2,     3.3,     9.6,    22.8,    45.2,    47.2,    3.0,  0.15265,      0,      1,      25,      25,       0,     189
read1,                                                 14527,    5933,    2728,    2728,     4.2,     3.3,     9.9,    22.7,    43.2,    51.8,    3.0,  0.15265,      0,      1,      25,      25,       0,     189
total,                                                 28920,   11876,    8671,    8671,     4.2,     3.3,     9.7,    22.7,    44.6,    51.8,    3.0,  0.15265,      0,      1,      25,      25,       0,     189
insert,                                                20950,    6557,    6557,    6557,     3.9,     3.1,     9.1,    18.9,    30.0,    35.7,    4.0,  0.13056,      0,      0,       0,       0,       0,       0
read1,                                                 20876,    6349,    3224,    3224,     3.8,     3.0,     9.0,    18.2,    34.3,    62.0,    4.0,  0.13056,      0,      0,       0,       0,       0,       0
total,                                                 41826,   12906,    9781,    9781,     3.9,     3.0,     9.1,    18.5,    32.1,    62.0,    4.0,  0.13056,      0,      0,       0,       0,       0,       0
insert,                                                26720,    5770,    5770,    5770,     4.3,     3.5,     9.4,    18.7,    53.7,    58.7,    5.0,  0.10524,      0,      1,      43,      43,       0,     187
read1,                                                 26838,    5962,    3258,    3258,     4.2,     3.4,     9.2,    17.9,    53.4,    56.2,    5.0,  0.10524,      0,      1,      43,      43,       0,     187
total,                                                 53558,   11732,    9028,    9028,     4.3,     3.4,     9.3,    18.6,    53.5,    58.7,    5.0,  0.10524,      0,      1,      43,      43,       0,     187
insert,                                                32353,    5633,    5633,    5633,     4.5,     3.5,    10.5,    21.5,    45.9,    48.8,    6.0,  0.08778,      0,      1,      31,      31,       0,     189
read1,                                                 32498,    5660,    3364,    3364,     4.4,     3.4,    10.5,    20.4,    45.3,    49.3,    6.0,  0.08778,      0,      1,      31,      31,       0,     189
total,                                                 64851,   11293,    8997,    8997,     4.4,     3.5,    10.5,    21.3,    45.9,    49.3,    6.0,  0.08778,      0,      1,      31,      31,       0,     189
insert,                                                38821,    6468,    6468,    6468,     4.0,     3.0,     9.3,    24.0,    34.3,    52.5,    7.0,  0.07929,      0,      0,       0,       0,       0,       0
read1,                                                 38620,    6122,    3749,    3749,     3.9,     3.1,     8.9,    23.2,    32.1,    52.3,    7.0,  0.07929,      0,      0,       0,       0,       0,       0
total,                                                 77441,   12590,   10217,   10217,     3.9,     3.0,     9.1,    23.9,    32.6,    52.5,    7.0,  0.07929,      0,      0,       0,       0,       0,       0
insert,                                                44687,    5866,    5866,    5866,     4.2,     3.0,    11.0,    25.9,    49.5,    65.5,    8.0,  0.07140,      0,      1,      31,      31,       0,     195
read1,                                                 44831,    6211,    4154,    4154,     4.1,     2.9,    11.0,    23.4,    46.8,    60.3,    8.0,  0.07140,      0,      1,      31,      31,       0,     195
total,                                                 89518,   12077,   10020,   10020,     4.2,     3.0,    11.0,    24.9,    47.7,    65.5,    8.0,  0.07140,      0,      1,      31,      31,       0,     195
insert,                                                49809,    6065,    6065,    6065,     4.1,     2.8,    11.4,    25.7,    38.4,    71.4,    8.8,  0.06622,      0,      0,       0,       0,       0,       0
read1,                                                 50191,    6347,    4261,    4261,     3.9,     2.8,    10.5,    25.0,    37.5,    50.5,    8.8,  0.06622,      0,      0,       0,       0,       0,       0
total,                                                100000,   12413,   10326,   10326,     4.0,     2.8,    11.0,    25.0,    38.2,    71.4,    8.8,  0.06622,      0,      0,       0,       0,       0,       0


Results:
Op rate                   :   11,307 op/s  [insert: 5,632 op/s, read1: 5,675 op/s]
Partition rate            :    8,743 pk/s  [insert: 5,632 pk/s, read1: 3,111 pk/s]
Row rate                  :    8,743 row/s [insert: 5,632 row/s, read1: 3,111 row/s]
Latency mean              :    4.2 ms [insert: 4.3 ms, read1: 4.2 ms]
Latency median            :    3.2 ms [insert: 3.2 ms, read1: 3.2 ms]
Latency 95th percentile   :   10.0 ms [insert: 10.0 ms, read1: 9.9 ms]
Latency 99th percentile   :   21.8 ms [insert: 21.8 ms, read1: 21.7 ms]
Latency 99.9th percentile :   53.1 ms [insert: 53.3 ms, read1: 52.3 ms]
Latency max               :  169.6 ms [insert: 169.6 ms, read1: 165.3 ms]
Total partitions          :     77,326 [insert: 49,809, read1: 27,517]
Total errors              :          0 [insert: 0, read1: 0]
Total GC count            : 5
Total GC memory           : 974.048 MiB
Total GC time             :    0.1 seconds
Avg GC time               :   29.6 ms
StdDev GC time            :    8.2 ms
Total operation time      : 00:00:08

